1 RELIANCE 3,018.05 0.00 0.00 1.00
2 TCS 4,387.85 0.00 0.00 0.00
3 HDFCBANK 1,618.15 0.00 0.00 0.00
4 BHARTIARTL 1,514.40 0.00 0.00 0.00
5 ICICIBANK 1,207.20 0.00 1.00 0.00
6 INFY 1,878.90 0.00 0.00 0.00
7 SBIN 862.45 0.00 0.00 1.00
8 LICI 1,184.35 0.00 0.00 1.00
9 HINDUNILVR 2,711.05 0.00 0.00 1.00
10 ITC 502.20 0.00 0.00 1.00
11 LT 3,679.90 0.00 0.00 1.00
12 HCLTECH 1,635.35 0.00 0.00 0.00
13 BAJFINANCE 6,789.75 0.00 0.00 0.00
14 ONGC 331.60 0.00 0.00 1.00
15 SUNPHARMA 1,714.25 0.00 0.00 0.00
16 TATAMTRDVR 765.00 0.00 0.00 1.00
17 TATAMOTORS 1,118.30 0.00 0.00 1.00
18 MARUTI 12,663.70 0.00 0.00 0.00
19 NTPC 396.30 0.00 0.00 1.00
20 AXISBANK 1,177.35 0.00 1.00 0.00
21 KOTAKBANK 1,813.85 0.00 0.00 0.00
22 M_M 2,887.80 1.00 0.00 0.00
23 ADANIENT 3,080.50 0.00 0.00 0.00
24 ULTRACEMCO 11,673.05 0.00 1.00 0.00
25 ADANIPORTS 1,542.75 0.00 0.00 1.00
26 DMART 5,071.60 0.00 0.00 1.00
27 HAL 4,905.40 0.00 0.00 0.00
28 POWERGRID 344.20 0.00 0.00 1.00
29 COALINDIA 509.85 0.00 0.00 0.00
30 TITAN 3,494.15 0.00 0.00 0.00
31 ADANIGREEN 1,803.70 0.00 0.00 0.00
32 ASIANPAINT 2,950.15 0.00 0.00 1.00
33 ADANIPOWER 712.65 0.00 0.00 0.00
34 WIPRO 524.80 0.00 0.00 1.00
35 BAJAJ_AUTO 9,492.90 0.00 0.00 1.00
36 HINDZINC 603.50 0.00 0.00 0.00
37 BAJAJFINSV 1,586.45 0.00 0.00 0.00
38 IOC 176.55 0.00 0.00 0.00
39 SIEMENS 6,917.30 0.00 0.00 1.00
40 IRFC 183.44 0.00 0.00 0.00
41 NESTLEIND 2,476.90 0.00 0.00 1.00
42 BEL 309.90 0.00 1.00 0.00
43 JSWSTEEL 900.55 0.00 0.00 0.00
44 VBL 1,676.65 0.00 0.00 1.00
45 JIOFIN 331.90 0.00 1.00 0.00
46 DLF 829.70 0.00 0.00 1.00
47 TATASTEEL 162.55 0.00 0.00 0.00
48 ZOMATO 224.62 0.00 0.00 1.00
49 GRASIM 2,843.30 0.00 0.00 1.00
50 TRENT 5,393.35 0.00 0.00 0.00
51 AMBUJACEM 686.40 0.00 0.00 0.00
52 PFC 538.95 0.00 0.00 1.00
53 SBILIFE 1,750.95 0.00 0.00 0.00
54 VEDL 444.50 0.00 0.00 0.00
55 INDIGO 4,493.40 0.00 0.00 0.00
56 LTIM 5,788.45 0.00 0.00 0.00
57 ABB 7,851.25 0.00 0.00 0.00
58 RECLTD 625.90 0.00 0.00 0.00
59 PIDILITIND 3,135.35 0.00 0.00 1.00
60 GAIL 230.64 0.00 0.00 0.00
61 HDFCLIFE 703.35 0.00 0.00 1.00
62 TECHM 1,541.15 0.00 0.00 1.00
63 GODREJCP 1,467.50 0.00 0.00 1.00
64 HINDALCO 667.60 0.00 0.00 0.00
65 BPCL 328.80 0.00 0.00 1.00
66 TATAPOWER 444.70 0.00 0.00 0.00
67 BRITANNIA 5,872.80 0.00 0.00 1.00
68 LODHA 1,403.00 0.00 0.00 0.00
69 EICHERMOT 5,012.50 0.00 0.00 0.00
70 MOTHERSON 196.40 0.00 1.00 0.00
71 PNB 119.95 0.00 0.00 0.00
72 BANKBARODA 249.70 0.00 0.00 0.00
73 CIPLA 1,575.00 0.00 0.00 1.00
74 IOB 67.33 0.00 0.00 1.00
75 DIVISLAB 4,790.60 0.00 0.00 1.00
76 ZYDUSLIFE 1,206.05 0.00 0.00 0.00
77 JSWENERGY 693.55 0.00 1.00 0.00
78 TATACONSUM 1,213.65 0.00 0.00 0.00
79 INDUSTOWER 444.85 0.00 0.00 1.00
80 TVSMOTOR 2,508.00 0.00 0.00 1.00
81 CHOLAFIN 1,410.95 0.00 0.00 1.00
82 ADANIENSOL 1,051.95 1.00 0.00 1.00
83 RVNL 552.35 0.00 1.00 0.00
84 HAVELLS 1,838.65 0.00 0.00 0.00
85 DRREDDY 6,878.65 0.00 0.00 1.00
86 DABUR 632.45 0.00 0.00 1.00
87 IDBI 104.22 0.00 0.00 1.00
88 CGPOWER 732.35 0.00 1.00 0.00
89 BHEL 317.30 0.00 1.00 0.00
90 SHRIRAMFIN 2,925.00 0.00 0.00 0.00
91 HEROMOTOCO 5,478.90 0.00 0.00 0.00
92 HEROMOTOCO    
93 IDEA 15.98 0.00 0.00 0.00
94 IDEA 3,194.90 0.00 0.00 1.00
95 BAJAJHLDNG 9,480.65 0.00 1.00 0.00
96 NHPC 104.62 0.00 0.00 0.00
97 ICICIPRULI 724.90 0.00 1.00 0.00
98 CANBK 113.86 0.00 0.00 1.00
99 UNITDSPR 1,415.40 0.00 0.00 1.00
100 BOSCHLTD 34,917.05 0.00 0.00 1.00
101 CUMMINSIND 3,718.15 0.00 0.00 1.00
102 UNIONBANK 132.87 0.00 0.00 0.00
103 SHREECEM 27,566.75 0.00 0.00 0.00
104 SOLARINDS 10,966.80 0.00 0.00 0.00
105 JINDALSTEL 972.35 0.00 0.00 0.00
106 POLYCAB 6,548.50 0.00 0.00 0.00
107 MAZDOCK 4,858.15 0.00 1.00 0.00
108 ATGL 888.45 0.00 0.00 0.00
109 ICICIGI 1,967.30 0.00 0.00 1.00
110 OFSS 11,093.65 0.00 0.00 1.00
111 APOLLOHOSP 6,664.55 0.00 0.00 0.00
112 NAUKRI 7,187.40 0.00 0.00 0.00
113 MAXHEALTH 948.50 0.00 0.00 1.00
114 INDHOTEL 647.00 0.00 0.00 1.00
115 OIL 560.65 0.00 0.00 0.00
116 MARICO 679.75 0.00 0.00 1.00
117 HDFCAMC 4,105.10 0.00 0.00 0.00
118 GODREJPROP 3,128.70 0.00 0.00 0.00
119 COLPAL 3,165.20 0.00 0.00 1.00
120 SUZLON 61.89 0.00 0.00 1.00
121 LUPIN 1,840.70 0.00 0.00 1.00
122 MANKIND 2,055.90 0.00 0.00 1.00
123 AUROPHARMA 1,386.20 0.00 0.00 0.00
124 TIINDIA 4,162.95 0.00 0.00 0.00
125 HINDPETRO 376.55 0.00 0.00 1.00
126 IRCTC 984.15 0.00 0.00 0.00
127 BHARATFORG 1,684.90 0.00 0.00 0.00
128 YESBANK 24.97 0.00 0.00 0.00
129 INDIANB 581.45 0.00 0.00 1.00
130 TORNTPOWER 1,556.85 0.00 0.00 1.00
131 PRESTIGE 1,833.45 0.00 0.00 0.00
132 PERSISTENT 4,772.95 0.00 0.00 0.00
133 SRF 2,456.15 0.00 0.00 0.00
134 ASHOKLEY 246.38 1.00 0.00 0.00
135 GICRE 410.50 0.00 0.00 0.00
136 MUTHOOTFIN 1,783.20 0.00 0.00 0.00
137 JSWINFRA 343.75 1.00 0.00 1.00
138 NMDC 238.55 0.00 0.00 0.00
139 GMRINFRA 97.27 0.00 0.00 0.00
140 SUPREMEIND 5,439.75 0.00 0.00 0.00
141 SBICARD 721.70 0.00 0.00 1.00
142 POLICYBZR 1,498.90 0.00 0.00 0.00
143 UCOBANK 57.14 0.00 0.00 1.00
144 LINDEINDIA 7,940.15 0.00 0.00 1.00
145 DIXON 11,272.60 0.00 1.00 0.00
146 FACT 1,013.10 0.00 0.00 0.00
147 SCHAEFFLER 4,180.35 1.00 0.00 0.00
148 COCHINSHIP 2,467.60 0.00 0.00 0.00
149 OBEROIRLTY 1,785.00 0.00 0.00 0.00
150 PIIND 4,207.00 0.00 0.00 0.00
151 BALKRISIND 3,280.10 0.00 0.00 0.00
152 CONCOR 1,039.95 0.00 0.00 0.00
153 ALKEM 5,289.85 0.00 0.00 1.00
154 BERGEPAINT 542.40 0.00 0.00 0.00
155 PHOENIXLTD 3,536.25 0.00 1.00 0.00
156 JSL 764.50 0.00 0.00 0.00
157 HUDCO 314.25 0.00 0.00 1.00
158 SAIL 147.39 0.00 0.00 0.00
159 ABBOTINDIA 28,584.60 0.00 0.00 1.00
160 THERMAX 5,068.95 0.00 0.00 1.00
161 PATANJALI 1,667.95 1.00 0.00 0.00
162 UNOMINDA 1,042.35 1.00 0.00 0.00
163 ASTRAL 2,215.55 0.00 0.00 0.00
164 MRF 138,870.34 0.00 0.00 0.00
165 KALYANKJIL 567.80 0.00 0.00 1.00
166 SJVN 148.11 0.00 0.00 0.00
167 ABCAPITAL 223.43 0.00 0.00 0.00
168 MPHASIS 3,029.80 0.00 0.00 0.00
169 PGHH 17,385.70 1.00 0.00 1.00
170 PETRONET 372.40 0.00 0.00 0.00
171 CENTRALBK 64.18 0.00 0.00 1.00
172 LTTS 5,214.05 0.00 0.00 0.00
173 BANKINDIA 119.37 0.00 0.00 0.00
174 UBL 2,037.00 0.00 0.00 1.00
175 TATACOMM 1,886.40 0.00 0.00 1.00
176 IDFCFIRSTB 74.48 0.00 0.00 0.00
177 NYKAA 182.98 0.00 0.00 1.00
178 BDL 1,412.50 0.00 0.00 0.00
179 VOLTAS 1,490.35 0.00 0.00 0.00
180 ACC 2,614.15 0.00 0.00 1.00
181 SUNDARMFIN 4,416.50 0.00 0.00 1.00
182 KPITTECH 1,788.95 0.00 0.00 0.00
183 POWERINDIA 11,547.60 0.00 0.00 0.00
184 AUBANK 650.40 1.00 0.00 1.00
185 HONAUT 54,453.75 0.00 0.00 0.00
186 NIACL 291.73 0.00 0.00 0.00
187 FEDERALBNK 198.00 0.00 0.00 0.00
188 MAHABANK 67.73 0.00 0.00 1.00
189 COROMANDEL 1,624.70 0.00 0.00 0.00
190 EXIDEIND 553.75 0.00 1.00 0.00
191 PAGEIND 41,443.95 1.00 0.00 1.00
192 GLAXO 2,707.30 0.00 0.00 0.00
193 LTF 180.47 0.00 0.00 0.00
194 ESCORTS 4,145.55 1.00 0.00 0.00
195 GUJGASLTD 648.45 0.00 0.00 1.00
196 BIOCON 368.50 1.00 0.00 0.00
197 LICHSGFIN 791.30 0.00 0.00 0.00
198 TATAELXSI 6,961.60 0.00 0.00 0.00
199 3MINDIA 37,926.80 0.00 0.00 0.00
200 COFORGE 6,343.70 0.00 0.00 0.00
201 AWL 325.15 0.00 0.00 0.00
202 AIAENG 4,395.55 0.00 0.00 1.00
203 NAM_INDIA 652.25 0.00 0.00 1.00
204 APLAPOLLO 1,484.35 0.00 0.00 1.00
205 UPL 544.15 0.00 0.00 0.00
206 TATATECH 999.00 0.00 0.00 0.00
207 GLENMARK 1,438.40 0.00 0.00 1.00
208 SONACOMS 690.25 0.00 0.00 1.00
209 IRB 66.92 0.00 0.00 1.00
210 NLCINDIA 287.80 0.00 0.00 0.00
211 DEEPAKNTR 2,919.90 0.00 0.00 1.00
212 KEI 4,356.75 0.00 0.00 0.00
213 LLOYDSME 748.95 0.00 0.00 1.00
214 FORTIS 509.80 0.00 0.00 0.00
215 JUBLFOOD 581.35 0.00 0.00 0.00
216 MFSL 1,108.25 0.00 0.00 1.00
217 IGL 540.50 0.00 0.00 1.00
218 MRPL 214.88 0.00 0.00 0.00
219 M_MFIN 293.65 0.00 0.00 0.00
220 360ONE 996.70 0.00 0.00 1.00
221 STARHEALTH 613.35 0.00 0.00 0.00
222 FLUOROCHEM 3,254.45 0.00 0.00 0.00
223 METROBRAND 1,313.65 0.00 0.00 0.00
224 ENDURANCE 2,541.70 0.00 0.00 0.00
225 MOTILALOFS 590.75 1.00 0.00 1.00
226 BLUESTARCO 1,713.50 0.00 0.00 1.00
227 EMAMILTD 797.10 0.00 0.00 1.00
228 APOLLOTYRE 550.40 1.00 0.00 0.00
229 NATIONALUM 189.50 0.00 0.00 0.00
230 DALBHARAT 1,812.20 0.00 0.00 0.00
231 JKCEMENT 4,387.65 0.00 0.00 0.00
232 ABFRL 330.00 0.00 0.00 0.00
233 GLAND 2,016.60 0.00 0.00 1.00
234 MSUMI 75.21 0.00 0.00 1.00
235 BSE 2,447.50 0.00 0.00 0.00
236 CARBORUNIV 1,740.85 0.00 0.00 0.00
237 APARINDS 8,200.35 0.00 1.00 0.00
238 SUNTV 830.40 1.00 0.00 0.00
239 IPCALAB 1,285.30 0.00 0.00 0.00
240 PAYTM 509.05 0.00 0.00 0.00
241 MEDANTA 1,203.95 0.00 0.00 0.00
242 TATAINVEST 6,343.95 0.00 0.00 1.00
243 SYNGENE 782.80 0.00 0.00 0.00
244 NBCC 174.52 0.00 0.00 0.00
245 AEGISLOG 894.30 0.00 0.00 0.00
246 BANDHANBNK 192.50 0.00 0.00 0.00
247 CRISIL 4,226.85 0.00 0.00 0.00
248 ARE_M 1,680.45 0.00 0.00 0.00
249 HINDCOPPER 315.40 0.00 0.00 0.00
250 AJANTPHARM 2,401.65 0.00 0.00 1.00
251 TIMKEN 4,006.25 0.00 0.00 1.00
252 GODREJIND 894.95 0.00 0.00 1.00
253 SUNDRMFAST 1,419.90 0.00 0.00 0.00
254 BAYERCROP 6,622.50 0.00 0.00 0.00
255 ZFCVINDIA 15,630.70 0.00 0.00 0.00
256 ITI 308.05 0.00 0.00 1.00
257 KPRMILL 865.20 0.00 0.00 1.00
258 DELHIVERY 397.00 0.00 0.00 0.00
259 JBCHEPHARM 1,884.70 0.00 0.00 1.00
260 POONAWALLA 375.70 0.00 0.00 0.00
261 BRIGADE 1,251.30 0.00 0.00 0.00
262 GRINDWELL 2,590.85 0.00 0.00 0.00
263 CHOLAHLDNG 1,524.25 0.00 0.00 1.00
264 CROMPTON 442.60 0.00 0.00 1.00
265 SKFINDIA 5,602.60 0.00 0.00 0.00
266 TATACHEM 1,070.70 0.00 0.00 1.00
267 KAYNES 4,249.95 0.00 1.00 0.00
268 EIHOTEL 422.45 0.00 0.00 0.00
269 CASTROLIND 266.01 0.00 0.00 1.00
270 MANYAVAR 1,082.80 1.00 0.00 0.00
271 JWL 617.00 0.00 0.00 0.00
272 CENTURYTEX 2,346.60 1.00 0.00 0.00
273 WHIRLPOOL 2,057.30 0.00 0.00 1.00
274 IRCON 274.60 0.00 0.00 0.00
275 LALPATHLAB 3,078.55 0.00 0.00 1.00
276 AARTIIND 707.45 0.00 0.00 0.00
277 CDSL 2,446.80 0.00 0.00 1.00
278 NH 1,246.75 0.00 0.00 0.00
279 GILLETTE 7,787.65 0.00 0.00 1.00
280 GRSE 2,212.75 0.00 0.00 0.00
281 SUMICHEM 504.45 0.00 0.00 0.00
282 RATNAMANI 3,591.85 0.00 0.00 0.00
283 ISEC 767.35 0.00 0.00 0.00
284 LAURUSLABS 449.05 0.00 0.00 0.00
285 JBMA 2,025.55 0.00 0.00 0.00
286 APLLTD 1,216.35 0.00 0.00 0.00
287 FINCABLES 1,561.00 0.00 1.00 0.00
288 NATCOPHARM 1,334.65 0.00 0.00 1.00
289 SUVENPHAR 928.45 0.00 0.00 1.00
290 RADICO 1,732.00 0.00 0.00 1.00
291 SWANENERGY 731.65 0.00 0.00 0.00
292 KAJARIACER 1,438.20 0.00 0.00 0.00
293 KEC 880.05 0.00 0.00 0.00
294 GODFRYPHLP 4,302.55 0.00 0.00 1.00
295 CIEINDIA 589.00 0.00 0.00 0.00
296 PEL 992.10 0.00 0.00 0.00
297 ELGIEQUIP 705.45 0.00 0.00 0.00
298 KANSAINER 275.30 0.00 0.00 0.00
299 TEJASNET 1,298.55 0.00 0.00 1.00
300 ATUL 7,550.80 0.00 0.00 0.00
301 FIVESTAR 757.85 0.00 0.00 1.00
302 INOXWIND 170.22 0.00 0.00 0.00
303 KPIL 1,361.15 0.00 0.00 0.00
304 CESC 166.88 0.00 0.00 0.00
305 PPLPHARMA 166.51 0.00 0.00 0.00
306 TITAGARH 1,611.05 0.00 0.00 0.00
307 CELLO 966.30 0.00 0.00 1.00
308 DEVYANI 176.94 0.00 0.00 1.00
309 NCC 337.60 0.00 1.00 0.00
310 SIGNATURE 1,508.00 0.00 0.00 0.00
311 MCX 4,140.00 0.00 0.00 0.00
312 CREDITACC 1,311.95 0.00 0.00 0.00
313 HSCL 422.60 0.00 1.00 0.00
314 SONATSOFTW 738.10 0.00 0.00 0.00
315 BATAINDIA 1,608.35 0.00 0.00 0.00
316 PNBHOUSING 793.85 0.00 0.00 1.00
317 AFFLE 1,460.25 0.00 1.00 0.00
318 NUVAMA 5,703.25 0.00 0.00 1.00
319 JYOTHYLAB 548.45 0.00 0.00 1.00
320 BSOFT 727.85 0.00 0.00 0.00
321 TTML 102.35 0.00 0.00 0.00
322 CYIENT 1,789.90 0.00 0.00 0.00
323 CAMS 4,031.75 0.00 0.00 1.00
324 CHAMBLFERT 495.45 0.00 0.00 0.00
325 RRKABEL 1,756.30 0.00 0.00 1.00
326 FINPIPE 317.90 0.00 0.00 0.00
327 VGUARD 452.00 0.00 0.00 1.00
328 RAMCOCEM 828.15 0.00 0.00 0.00
329 TRITURBINE 608.90 0.00 0.00 0.00
330 SHYAMMETL 691.00 0.00 0.00 0.00
331 TRIDENT 37.75 0.00 0.00 0.00
332 GESHIP 1,345.10 0.00 1.00 0.00
333 ANGELONE 2,129.65 0.00 0.00 0.00
334 SOBHA 1,799.55 0.00 0.00 0.00
335 POLYMED 1,994.95 0.00 0.00 0.00
336 IIFL 451.15 0.00 0.00 0.00
337 SCHNEIDER 796.75 0.00 0.00 1.00
338 GSPL 332.20 0.00 0.00 0.00
339 BLUEDART 7,894.75 0.00 0.00 1.00
340 BEML 4,483.00 0.00 0.00 0.00
341 JINDALSAW 578.75 0.00 0.00 1.00
342 DATAPATTNS 3,296.80 0.00 0.00 0.00
343 ZENSARTECH 808.85 0.00 0.00 0.00
344 MGL 1,846.10 0.00 0.00 0.00
345 CHALET 835.15 0.00 0.00 1.00
346 INDIAMART 3,032.95 0.00 0.00 0.00
347 MANAPPURAM 212.99 0.00 0.00 0.00
348 BIKAJI 716.80 0.00 0.00 0.00
349 IDFC 112.12 0.00 0.00 1.00
350 ASTRAZEN 7,172.60 1.00 0.00 0.00
351 FSL 256.27 0.00 0.00 1.00
352 CONCORDBIO 1,702.65 0.00 0.00 1.00
353 KARURVYSYA 222.52 1.00 0.00 1.00
354 HFCL 123.25 0.00 0.00 1.00
355 WELSPUNLIV 182.73 0.00 0.00 0.00
356 NAVINFLUOR 3,530.55 0.00 0.00 1.00
357 KSB 1,001.15 0.00 0.00 0.00
358 HBLPOWER 629.45 0.00 0.00 0.00
359 KIMS 2,153.20 0.00 0.00 0.00
360 CGCL 208.89 0.00 0.00 0.00
361 NSLNISP 58.02 0.00 0.00 0.00
362 WELCORP 644.20 0.00 0.00 1.00
363 REDINGTON 212.52 0.00 0.00 1.00
364 ASTERDM 331.90 0.00 0.00 0.00
365 ACE 1,390.65 0.00 0.00 0.00
366 ASAHIINDIA 682.45 0.00 0.00 1.00
367 CLEAN 1,530.55 0.00 0.00 0.00
368 VTL 558.80 0.00 0.00 1.00
369 DCMSHRIRAM 1,032.75 1.00 0.00 1.00
370 RITES 667.15 0.00 0.00 1.00
371 MMTC 106.82 0.00 0.00 1.00
372 SWSOLAR 686.35 0.00 0.00 1.00
373 APTUS 319.85 0.00 0.00 0.00
374 BBTC 2,290.10 0.00 0.00 0.00
375 FINEORG 5,190.70 0.00 0.00 0.00
376 JAIBALAJI 920.60 0.00 0.00 0.00
377 IEX 176.66 0.00 0.00 1.00
378 RAILTEL 485.10 0.00 1.00 0.00
379 CENTURYPLY 693.80 0.00 0.00 1.00
380 ANANDRATHI 3,693.00 0.00 0.00 1.00
381 SANOFI 6,675.60 1.00 0.00 1.00
382 RKFORGE 841.25 0.00 0.00 0.00
383 HONASA 465.65 0.00 0.00 1.00
384 CHENNPETRO 999.10 0.00 1.00 0.00
385 DOMS 2,444.50 0.00 0.00 0.00
386 AMBER 4,380.40 0.00 0.00 0.00
387 PVRINOX 1,493.85 1.00 0.00 1.00
388 ERIS 1,073.50 0.00 0.00 0.00
389 UJJIVANSFB 43.16 0.00 0.00 0.00
390 BLS 351.30 0.00 0.00 0.00
391 ENGINERSIN 254.85 0.00 0.00 0.00
392 RBLBANK 235.85 0.00 0.00 0.00
393 ELECON 626.90 0.00 0.00 0.00
394 OLECTRA 1,707.90 0.00 0.00 0.00
395 GPIL 1,042.45 0.00 0.00 0.00
396 EIDPARRY 780.20 0.00 0.00 0.00
397 AAVAS 1,746.95 0.00 0.00 0.00
398 INTELLECT 1,000.05 0.00 0.00 1.00
399 ZEEL 142.62 0.00 0.00 0.00
400 RAYMOND 2,052.55 0.00 1.00 0.00
401 GRANULES 563.10 0.00 0.00 0.00
402 UTIAMC 1,051.40 0.00 0.00 1.00
403 ALOKINDS 26.77 0.00 0.00 0.00
404 KFINTECH 774.75 0.00 0.00 0.00
405 PNCINFRA 513.75 0.00 0.00 1.00
406 WESTLIFE 833.55 0.00 0.00 1.00
407 MAPMYINDIA 2,399.45 0.00 0.00 0.00
408 TANLA 960.95 0.00 0.00 1.00
409 PRAJIND 699.85 0.00 1.00 0.00
410 GMDCLTD 402.50 0.00 0.00 0.00
411 CRAFTSMAN 5,323.85 0.00 0.00 0.00
412 RHIM 609.50 0.00 0.00 0.00
413 NUVOCO 350.80 0.00 0.00 0.00
414 HAPPSTMNDS 818.50 0.00 0.00 0.00
415 AETHER 904.50 0.00 0.00 1.00
416 J_KBANK 108.41 0.00 0.00 0.00
417 RAINBOW 1,169.70 0.00 0.00 0.00
418 BIRLACORPN 1,538.95 0.00 0.00 1.00
419 CUB 159.81 0.00 0.00 0.00
420 RCF 213.47 0.00 0.00 0.00
421 ECLERX 2,390.50 0.00 0.00 0.00
422 INDIACEM 374.05 0.00 0.00 0.00
423 LEMONTREE 146.46 0.00 0.00 1.00
424 CAPLIPOINT 1,527.40 0.00 0.00 1.00
425 MINDACORP 484.60 1.00 1.00 0.00
426 HAPPYFORGE 1,225.90 0.00 0.00 0.00
427 JUBLPHARMA 724.50 0.00 0.00 1.00
428 CERA 8,768.20 0.00 0.00 0.00
429 CANFINHOME 856.90 0.00 0.00 0.00
430 USHAMART 372.60 0.00 0.00 1.00
431 LATENTVIEW 542.85 0.00 0.00 1.00
432 PCBL 290.95 0.00 0.00 0.00
433 DEEPAKFERT 862.25 0.00 0.00 0.00
434 JUSTDIAL 1,280.95 0.00 0.00 1.00
435 METROPOLIS 2,121.40 0.00 0.00 0.00
436 RENUKA 50.96 0.00 0.00 0.00
437 GPPL 220.27 0.00 0.00 1.00
438 RTNINDIA 76.64 0.00 0.00 0.00
439 QUESS 711.15 0.00 0.00 1.00
440 CEATLTD 2,609.55 0.00 0.00 0.00
441 SAREGAMA 544.95 0.00 0.00 0.00
442 ALKYLAMINE 2,050.40 0.00 0.00 0.00
443 GLS 850.70 0.00 0.00 1.00
444 KNRCON 367.40 0.00 0.00 1.00
445 SAFARI 2,107.80 0.00 0.00 1.00
446 ROUTE 1,642.30 0.00 0.00 1.00
447 GRAPHITE 520.65 0.00 0.00 0.00
448 JKLAKSHMI 857.50 0.00 0.00 0.00
449 GNFC 683.00 0.00 0.00 0.00
450 SAPPHIRE 1,555.80 0.00 0.00 1.00
451 EQUITASBNK 86.96 0.00 0.00 0.00
452 JMFINANCIL 102.78 0.00 0.00 0.00
453 MHRIL 473.55 0.00 0.00 0.00
454 VARROC 629.55 0.00 0.00 1.00
455 NETWORK18 91.59 1.00 0.00 0.00
456 JUBLINGREA 598.65 0.00 0.00 1.00
457 CAMPUS 310.95 0.00 0.00 0.00
458 AVANTIFEED 694.45 0.00 0.00 1.00
459 MAHLIFE 609.65 0.00 0.00 1.00
460 HOMEFIRST 1,061.50 0.00 0.00 0.00
461 GSFC 236.02 0.00 0.00 0.00
462 BALRAMCHIN 461.30 0.00 0.00 0.00
463 RAJESHEXPO 313.55 0.00 0.00 0.00
464 ACI 732.75 0.00 0.00 0.00
465 TRIVENI 409.50 0.00 0.00 1.00
466 SBFC 82.31 0.00 0.00 0.00
467 JKPAPER 521.05 0.00 0.00 0.00
468 MAHSEAMLES 652.90 0.00 0.00 0.00
469 SUNTECK 593.80 0.00 0.00 1.00
470 ANURAS 782.90 0.00 0.00 0.00
471 MASTEK 2,781.90 0.00 0.00 0.00
472 TVSSCS 193.15 0.00 0.00 0.00
473 SYRMA 475.60 0.00 0.00 0.00
474 CHEMPLASTS 525.45 0.00 0.00 1.00
475 CCL 617.40 1.00 0.00 1.00
476 FDC 502.10 0.00 1.00 0.00
477 HEG 2,113.65 0.00 1.00 0.00
478 VIJAYA 794.00 0.00 0.00 1.00
479 PRSMJOHNSN 159.66 0.00 0.00 0.00
480 MEDPLUS 668.40 0.00 0.00 0.00
481 BALAMINES 2,368.60 0.00 0.00 0.00
482 EASEMYTRIP 42.63 0.00 0.00 0.00
483 TV18BRDCST 44.00 0.00 0.00 0.00
484 LXCHEM 271.70 0.00 0.00 0.00
485 PRINCEPIPE 671.90 0.00 0.00 0.00
486 SPARC 226.66 0.00 0.00 0.00
487 TMB 459.35 0.00 0.00 0.00
488 STLTECH 147.49 0.00 0.00 0.00
489 INDIGOPNTS 1,491.95 0.00 0.00 0.00
490 EPL 222.27 0.00 0.00 0.00
491 BORORENEW 541.80 1.00 0.00 1.00
492 KRBL 307.00 0.00 0.00 0.00
493 VIPIND 471.05 0.00 0.00 0.00
494 GMMPFAUDLR 1,458.00 0.00 0.00 0.00
495 GAEL 141.77 0.00 0.00 0.00
496 ALLCARGO 63.51 0.00 0.00 0.00
497 CSBBANK 358.20 0.00 0.00 0.00
498 MTARTECH 1,913.55 0.00 0.00 0.00
499 VAIBHAVGBL 332.85 0.00 0.00 0.00
500 RBA 108.54 0.00 0.00 1.00
501 RELIANCE 3,018.05 0.00 0.00 1.00
1 RELIANCE 2,996.60 0.00 0.00 1.00
2 TCS 4,506.05 0.00 0.00 1.00
3 HDFCBANK 1,637.10 0.00 0.00 1.00
4 BHARTIARTL 1,556.35 0.00 0.00 0.00
5 ICICIBANK 1,223.85 1.00 0.00 1.00
1 RELIANCE 2,996.60 0.00 0.00 1.00
2 TCS 4,506.05 0.00 0.00 1.00
3 HDFCBANK 1,637.10 0.00 0.00 1.00
4 BHARTIARTL 1,556.35 0.00 0.00 0.00
5 ICICIBANK 1,223.85 1.00 0.00 1.00
6 INFY 1,939.10 0.00 0.00 1.00
7 SBIN 809.40 0.00 0.00 0.00
8 LICI 1,084.50 1.00 0.00 1.00
9 HINDUNILVR 2,764.35 0.00 0.00 1.00
10 ITC 497.30 0.00 0.00 1.00
11 LT 3,689.05 0.00 0.00 1.00
12 HCLTECH 1,719.45 0.00 0.00 1.00
13 SUNPHARMA 1,811.85 0.00 0.00 0.00
